10000000
10001001
10010011
10011100
10100101
10101110
10110111
10111111
11000111
11001110
11010110
11011100
11100011
11101000
11101101
11110010
11110110
11111001
11111100
11111110
11111111
11111111
11111111
11111111
11111101
11111011
11111000
11110101
11110000
11101100
11100110
11100001
11011010
11010011
11001100
11000100
10111100
10110100
10101011
10100010
10011001
10010000
10000110
01111101
01110100
01101010
01100001
01011000
01001111
01000111
00111110
00110111
00101111
00101000
00100010
00011011
00010110
00010001
00001101
00001001
00000110
00000100
00000010
00000001
00000000
00000001
00000010
00000100
00000110
00001001
00001101
00010001
00010110
00011011
00100010
00101000
00101111
00110111
00111110
01000111
01001111
01011000
01100001
01101010
01110100
01111101
10000110
10010000
10011001
10100010
10101011
10110100
10111100
11000100
11001100
11010011
11011010
11100001
11100110
11101100
11110000
11110101
11111000
11111011
11111101
11111111
11111111
11111111
11111111
11111110
11111100
11111001
11110110
11110010
11101101
11101000
11100011
11011100
11010110
11001110
11000111
10111111
10110111
10101110
10100101
10011100
10010011
10001001
10000000
01110111
01101101
01100100
01011011
01010010
01001001
01000001
00111001
00110010
00101010
00100100
00011101
00011000
00010011
00001110
00001010
00000111
00000100
00000010
00000001
00000001
00000001
00000001
00000011
00000101
00001000
00001011
00010000
00010100
00011010
00011111
00100110
00101101
00110100
00111100
01000100
01001100
01010101
01011110
01100111
01110000
01111010
10000011
10001100
10010110
10011111
10101000
10110001
10111001
11000010
11001001
11010001
11011000
11011110
11100101
11101010
11101111
11110011
11110111
11111010
11111100
11111110
11111111
11111111
11111111
11111110
11111100
11111010
11110111
11110011
11101111
11101010
11100101
11011110
11011000
11010001
11001001
11000010
10111001
10110001
10101000
10011111
10010110
10001100
10000011
01111010
01110000
01100111
01011110
01010101
01001100
01000100
00111100
00110100
00101101
00100110
00011111
00011010
00010100
00010000
00001011
00001000
00000101
00000011
00000001
00000001
00000001
00000001
00000010
00000100
00000111
00001010
00001110
00010011
00011000
00011101
00100100
00101010
00110010
00111001
01000001
01001001
01010010
01011011
01100100
01101101
01110111
